[gd_scene load_steps=6 format=3 uid="uid://br01chminlckq"]

[ext_resource type="Script" path="res://CharacterBody3D.gd" id="1_502fm"]

[sub_resource type="CapsuleShape3D" id="CapsuleShape3D_ua1y4"]

[sub_resource type="BoxShape3D" id="BoxShape3D_l6dnu"]
size = Vector3(0.1, 0.6, 1)

[sub_resource type="BoxMesh" id="BoxMesh_a7wcr"]
size = Vector3(0.1, 0.1, 1)

[sub_resource type="BoxMesh" id="BoxMesh_4oukx"]
size = Vector3(0.1, 0.5, 0.1)

[node name="CharacterBody3D" type="CharacterBody3D"]
transform = Transform3D(1, 0, 0, 0, 1, 0, 0, 0, 1, 0, 0.932028, 0)
script = ExtResource("1_502fm")

[node name="CollisionShape3D" type="CollisionShape3D" parent="."]
transform = Transform3D(1, 0, 0, 0, 1, 0, 0, 0, 1, 0.0508093, -0.219376, 0.108806)
shape = SubResource("CapsuleShape3D_ua1y4")

[node name="CollisionShape3D2" type="CollisionShape3D" parent="."]
transform = Transform3D(1, 3.63798e-12, 0, 0, 1, 2.32831e-10, -9.31323e-10, 0, 1, 0.530362, -0.247317, -1.18422)
shape = SubResource("BoxShape3D_l6dnu")

[node name="Camera" type="Camera3D" parent="."]
transform = Transform3D(0.999957, 2.99753e-05, -0.00928451, 0, 0.999995, 0.00322851, 0.00928456, -0.00322837, 0.999952, -0.0689928, 0.029552, -0.276869)
current = true
fov = 85.0

[node name="MeshInstance3D" type="MeshInstance3D" parent="Camera"]
transform = Transform3D(0.999957, 3.63798e-12, 0.00928456, 2.99753e-05, 0.999995, -0.00322837, -0.00928451, 0.00322851, 0.999952, 0.591296, -0.0266163, -0.909321)
mesh = SubResource("BoxMesh_a7wcr")
skeleton = NodePath("")

[node name="MeshInstance3D2" type="MeshInstance3D" parent="Camera"]
transform = Transform3D(0.999957, 3.63798e-12, 0.00928456, 2.99753e-05, 0.999995, -0.00322837, -0.00928451, 0.00322851, 0.999952, 0.595076, -0.325053, -0.464651)
mesh = SubResource("BoxMesh_4oukx")
skeleton = NodePath("")

[node name="RayCast3D" type="RayCast3D" parent="Camera"]
transform = Transform3D(0.999957, 2.50463e-12, 0.00928456, 2.99753e-05, 0.999995, -0.00322837, -0.00928451, 0.00322851, 0.999952, 0, 0, 0)
target_position = Vector3(0, 0, -10)
